970277
765972
570742
217635
115692
724536
350389
734010
973565
691446
492192
789306
869855
217910
363196
392831
158741
598259
946712
825551
693986
484330
342843
703087
183725
845900
263527
659728
707600
741700
822538
775405
564180
687148
102117
837220
429576
985327
868055
121933
906503
232281
676538
543746
176731
977550
785641
843523
377328
152910
911365
708139
707076
502181
844148
573439
756300
873554
198669
696502
652987
823040
183841
837041
737827
130876
614438
623459
692573
712957
983925
619323
222920
209422
861601
812857
353964
538831
982153
130081
551606
410703
648495
708480
913461
162992
662234
197537
401049
888957
463240
828075
635087
505067
475527
620442
263538
692217
176996
168140
473873
583029
768651
721731
152705
842424
219075
866058
549423
778214
358400
315978
343206
179150
961891
805420
404915
369848
293952
203798
902638
730604
262713
289188
364851
888108
559081
286696
370983
837007
999481
158222
786107
431667
990848
557754
723187
353234
285683
344402
842534
230481
911552
214163
386111
144134
278324
281073
956243
564586
175546
610329
254694
224912
815483
108925
924648
303592
201941
670947
467603
668162
369896
870607
633991
418758
991981
106373
464700
542651
279076
274411
950925
297922
583132
532385
955625
999065
258127
756991
898930
814762
544348
137713
542230
842110
511128
167832
863157
911794
381925
184280
107865
106269
192196
593719
504694
528372
107007
252645
891675
118134
148929
509044
445847
621527
790713
148605
173663
121771
153289
467478
928660
213685
476352
991514
811781
865155
499737
777890
158309
578385
765098
736433
293373
524637
984239
379803
662486
130973
482239
619895
971572
917965
133338
108644
309102
467860
524226
706623
597934
176533
960421
935234
714632
140396
270588
132833
593209
126589
697789
748689
312715
696791
556160
253189
860881
122386
709879
615290
444569
198672
238747
842823
981988
639952
170557
352479
705794
480768
517136
507076
945905
266187
764628
256687
694042
966081
934260
586039
765645
600214
822600
158421
664150
322037
218578
167654
792944
976613
258067
836694
826020
393368
957246
534940
469059
912539
378135
696901
907195
545917
794115
530741
797909
337950
264680
667832
215302
927600
463297
291150
103485
542196
760036
770250
928238
290103
707541
903388
355817
925370
834247
596324
579966
317933
495949
747873
224567
522061
909765
674012
603107
430586
356943
490227
509182
522574
265195
406233
102840
538958
353125
219538
987307
272758
278672
130240
200290
181715
971040
612069
312120
397659
133664
200671
910028
937207
815102
207578
777000
981725
910865
997356
935330
896630
122406
870970
819412
126326
877359
951395
638274
115063
919386
755769
210682
767570
539299
853794
795068
283314
194330
379051
227534
702132
170097
961290
628218
196277
403754
808794
787415
471238
766990
458548
951020
525396
105347
613644
176258
549029
922545
646081
165901
445682
660442
861989
296249
286304
658185
812934
190019
894775
572733
804075
840072
973546
491542
894312
289012
205780
747881
204761
287471
829147
729506
810314
543545
296709
639595
663882
966887
576550
865088
425308
199668
712139
741574
558194
363536
519123
347362
832277
485047
117551
505146
772116
394523
492590
634362
591962
170929
773917
458395
337601
769803
360053
985939
806174
718472
391063
744781
355262
262828
299757
650016
934477
537103
969710
301998
967779
475098
139210
773905
495629
373906
708660
969340
536873
930889
599803
690763
572728
317354
368491
767613
669939
792808
427235
427330
199639
892383
303665
167784
846328
911278
676014
157450
914240
